-0.045362018911904445
0.22110519674576648
1.3665943680934232
0.7317645876649153
0.5759818392877316
0.9165441905026794
0.1648778395802719
1.343559851004623
-0.5870661643917074
2.464981309693226e-05
0.31820629729128924
0.709564119281924
0.3623030022684363
1.8253968482700484
0.9458460305888882
-1.1315977812551408
0.3280655920595967
0.7101915742312558
-0.36323549017776563
1.751285910227561
0.9476632751845399
1.1309918285509781
0.33903982470145233
0.4510268117962623
1.3156029988242215
0.3156216767004443
0.9292920647317414
0.19923226107700945
2.9
2.0344844020789377
