-0.045376702915206166
0.22095637219889733
1.3665204592243614
0.7317478860409499
0.5758916926446623
0.916480000803415
0.16485351131001075
1.3190425143012943
-0.5863487490463182
5.388519064830883e-06
0.31491109065739603
0.710140613619753
0.3625632640609127
1.8242485845963403
0.9463757123927768
-1.1300177205867565
0.33469437674423747
0.7098772643319073
-0.3622542147641372
1.8469814185820883
0.9457269033829748
1.130238271210475
0.3314304428595406
0.4510268117962624
1.4490795094712292
0.2983111528432301
0.9304617776230376
0.19914620178771789
2.9
2.0346607519998265
