-0.04537152944899893
0.22091968719411442
1.366550844583281
0.7317483616520065
0.5758360810061799
0.9165337196438192
0.16484524992208818
1.32209888484056
-0.5864952360268336
4.1093083572553765e-06
0.3137195302142689
0.71018299999345
0.3624769481256184
1.8324131924721112
0.9457683860346132
-1.1295224746654293
0.3336749798389365
0.7097775459633224
-0.3619587293097911
1.8713491765747676
0.9445606623947805
1.12993994507263
0.3280393631017971
0.4510268117962623
1.4772397375982993
0.29495824036467144
0.930290838025515
0.19915096007534697
2.9
2.0346841033521073
